15 15 1575646128
21 17 1575646128
37 18 1575646128
49 19 1575646128
112 20 1575646128
129 23 1575646128
132 24 1575646128
142 25 1575646128
15 14.7866 1575646158
21 17.0306 1575646158
37 17.9783 1575646158
49 19.1535 1575646158
112 20.0344 1575646158
129 23.1892 1575646158
132 23.7926 1575646158
142 24.8123 1575646158
15 15.0223 1575646188
21 17.0927 1575646188
37 18.1912 1575646188
49 19.2178 1575646188
112 20.0954 1575646188
129 23.1132 1575646188
132 23.7246 1575646188
142 24.9999 1575646188
15 15.2248 1575646218
21 17.0245 1575646218
37 18.3101 1575646218
49 19.3989 1575646218
112 19.9524 1575646218
129 23.15 1575646218
132 23.8145 1575646218
142 25.0947 1575646218
15 15.2396 1575646248
21 16.986 1575646248
37 18.5472 1575646248
49 19.3481 1575646248
112 19.7311 1575646248
129 23.3491 1575646248
132 23.7478 1575646248
142 24.8715 1575646248
15 15.2428 1575646278
21 16.8795 1575646278
37 18.4342 1575646278
49 19.3039 1575646278
112 19.9082 1575646278
129 23.4458 1575646278
132 23.8015 1575646278
142 24.7215 1575646278
15 15.1905 1575646308
21 16.98 1575646308
37 18.3751 1575646308
49 19.5526 1575646308
112 19.9775 1575646308
129 23.5726 1575646308
132 23.8387 1575646308
142 24.6958 1575646308
15 15.0144 1575646338
21 17.0811 1575646338
37 18.5804 1575646338
49 19.5393 1575646338
112 20.1176 1575646338
129 23.8119 1575646338
132 23.6796 1575646338
142 24.8352 1575646338
15 14.908 1575646368
21 16.9409 1575646368
37 18.3751 1575646368
49 19.4372 1575646368
112 20.3075 1575646368
129 23.6022 1575646368
132 23.887 1575646368
142 24.925 1575646368
15 15.1019 1575646398
21 17.167 1575646398
37 18.5931 1575646398
49 19.3077 1575646398
112 20.503 1575646398
129 23.5058 1575646398
132 23.6624 1575646398
142 24.7635 1575646398
15 15.29 1575646428
21 17.037 1575646428
37 18.6399 1575646428
49 19.4354 1575646428
112 20.6532 1575646428
129 23.3528 1575646428
132 23.7153 1575646428
142 24.9254 1575646428
15 15.0551 1575646458
21 17.2587 1575646458
37 18.6599 1575646458
49 19.2591 1575646458
112 20.4627 1575646458
129 23.1963 1575646458
132 23.7174 1575646458
142 24.8479 1575646458
15 14.9431 1575646488
21 17.4748 1575646488
37 18.9094 1575646488
49 19.3082 1575646488
112 20.3352 1575646488
129 23.2244 1575646488
132 23.8662 1575646488
142 24.8907 1575646488
15 14.9596 1575646518
21 17.5398 1575646518
37 18.7419 1575646518
49 19.4639 1575646518
112 20.3288 1575646518
129 23.1788 1575646518
132 23.7343 1575646518
142 24.8326 1575646518
15 14.9178 1575646548
21 17.4019 1575646548
37 18.8825 1575646548
49 19.4563 1575646548
112 20.1651 1575646548
129 23.3102 1575646548
132 23.5562 1575646548
142 25.0809 1575646548
15 14.9411 1575646578
21 17.4269 1575646578
37 18.7353 1575646578
49 19.5487 1575646578
112 20.3066 1575646578
129 23.3496 1575646578
132 23.4684 1575646578
142 25.2058 1575646578
15 14.7429 1575646608
21 17.3666 1575646608
37 18.6597 1575646608
49 19.622 1575646608
112 20.3203 1575646608
129 23.2841 1575646608
132 23.567 1575646608
142 25.284 1575646608
15 14.747 1575646638
21 17.5293 1575646638
37 18.7913 1575646638
49 19.6045 1575646638
112 20.115 1575646638
129 23.2882 1575646638
132 23.5425 1575646638
142 25.4556 1575646638
15 14.9051 1575646668
21 17.6959 1575646668
37 18.9071 1575646668
49 19.6841 1575646668
112 20.1413 1575646668
129 23.3607 1575646668
132 23.6792 1575646668
142 25.5891 1575646668
15 14.8881 1575646698
21 17.589 1575646698
37 18.8636 1575646698
49 19.7295 1575646698
112 20.2228 1575646698
129 23.4504 1575646698
132 23.7467 1575646698
142 25.5203 1575646698
15 14.9078 1575646728
21 17.3788 1575646728
37 19.1024 1575646728
49 19.6299 1575646728
112 20.3043 1575646728
129 23.5106 1575646728
132 23.8354 1575646728
142 25.5007 1575646728
15 14.9382 1575646758
21 17.4411 1575646758
37 18.9482 1575646758
49 19.5731 1575646758
112 20.5003 1575646758
129 23.3907 1575646758
132 24.0801 1575646758
142 25.2743 1575646758
15 14.7819 1575646788
21 17.5099 1575646788
37 18.7454 1575646788
49 19.4165 1575646788
112 20.3705 1575646788
129 23.1424 1575646788
132 24.0497 1575646788
142 25.1147 1575646788
15 14.9507 1575646818
21 17.6327 1575646818
37 18.625 1575646818
49 19.5024 1575646818
112 20.2846 1575646818
129 23.0891 1575646818
132 23.9404 1575646818
142 25.2124 1575646818
15 14.9079 1575646848
21 17.5757 1575646848
37 18.6808 1575646848
49 19.3136 1575646848
112 20.5147 1575646848
129 23.2535 1575646848
132 24.1651 1575646848
142 25.0202 1575646848
15 15.0678 1575646878
21 17.686 1575646878
37 18.905 1575646878
49 19.5154 1575646878
112 20.279 1575646878
129 23.3683 1575646878
132 24.0691 1575646878
142 25.0599 1575646878
15 15.2499 1575646908
21 17.8359 1575646908
37 18.7055 1575646908
49 19.4462 1575646908
112 20.2882 1575646908
129 23.5853 1575646908
132 23.8913 1575646908
142 25.2801 1575646908
15 15.2563 1575646938
21 17.5876 1575646938
37 18.5307 1575646938
49 19.2796 1575646938
112 20.3855 1575646938
129 23.5495 1575646938
132 23.8213 1575646938
142 25.3496 1575646938
15 15.088 1575646968
21 17.7755 1575646968
37 18.3977 1575646968
49 19.1393 1575646968
112 20.5697 1575646968
129 23.601 1575646968
132 23.6358 1575646968
142 25.286 1575646968
15 15.2226 1575646998
21 17.9362 1575646998
37 18.273 1575646998
49 19.1774 1575646998
112 20.4935 1575646998
129 23.4011 1575646998
132 23.5328 1575646998
142 25.079 1575646998
15 15.0743 1575647028
21 18.0752 1575647028
37 18.1278 1575647028
49 19.289 1575647028
112 20.4101 1575647028
129 23.6442 1575647028
132 23.4769 1575647028
142 24.9748 1575647028
15 14.9192 1575647058
21 18.2753 1575647058
37 17.9122 1575647058
49 19.4968 1575647058
112 20.4249 1575647058
129 23.5995 1575647058
132 23.7171 1575647058
142 24.8708 1575647058
15 14.9266 1575647088
21 18.2725 1575647088
37 17.9787 1575647088
49 19.3711 1575647088
112 20.2771 1575647088
129 23.4168 1575647088
132 23.7062 1575647088
142 24.8348 1575647088
15 15.1691 1575647118
21 18.4889 1575647118
37 17.9845 1575647118
49 19.4046 1575647118
112 20.1603 1575647118
129 23.3277 1575647118
132 23.5298 1575647118
142 24.6315 1575647118
15 15.3121 1575647148
21 18.2558 1575647148
37 17.8237 1575647148
49 19.3193 1575647148
112 20.2558 1575647148
129 23.4533 1575647148
132 23.7004 1575647148
142 24.8215 1575647148
15 15.2992 1575647178
21 18.2324 1575647178
37 18.0198 1575647178
49 19.0994 1575647178
112 20.1476 1575647178
129 23.2988 1575647178
132 23.8959 1575647178
142 25.0171 1575647178
15 15.461 1575647208
21 18.4585 1575647208
37 18.0801 1575647208
49 18.8902 1575647208
112 20.0654 1575647208
129 23.0519 1575647208
132 23.966 1575647208
142 25.2434 1575647208
15 15.2843 1575647238
21 18.2203 1575647238
37 17.8931 1575647238
49 19.0395 1575647238
112 19.9202 1575647238
129 22.9026 1575647238
132 23.9026 1575647238
142 25.0801 1575647238
15 15.2885 1575647268
21 18.092 1575647268
37 17.6735 1575647268
49 19.2584 1575647268
112 19.7975 1575647268
129 22.6592 1575647268
132 24.0318 1575647268
142 24.8715 1575647268
15 15.2695 1575647298
21 18.2909 1575647298
37 17.5544 1575647298
49 19.3996 1575647298
112 19.9268 1575647298
129 22.8318 1575647298
132 24.0164 1575647298
142 24.7913 1575647298
15 15.2932 1575647328
21 18.4787 1575647328
37 17.5212 1575647328
49 19.4633 1575647328
112 20.0871 1575647328
129 22.9892 1575647328
132 23.9447 1575647328
142 24.965 1575647328
15 15.4509 1575647358
21 18.5126 1575647358
37 17.2958 1575647358
49 19.4115 1575647358
112 19.9017 1575647358
129 22.9564 1575647358
132 23.8917 1575647358
142 25.1935 1575647358
15 15.2356 1575647388
21 18.5198 1575647388
37 17.3604 1575647388
49 19.4604 1575647388
112 19.9764 1575647388
129 23.1925 1575647388
132 23.9579 1575647388
142 25.0995 1575647388
15 15.1561 1575647418
21 18.6982 1575647418
37 17.3627 1575647418
49 19.4982 1575647418
112 19.7796 1575647418
129 23.3731 1575647418
132 23.9936 1575647418
142 25.2636 1575647418
15 15.0911 1575647448
21 18.5543 1575647448
37 17.5149 1575647448
49 19.4071 1575647448
112 19.5316 1575647448
129 23.1798 1575647448
132 24.0829 1575647448
142 25.1243 1575647448
15 15.0831 1575647478
21 18.5375 1575647478
37 17.6056 1575647478
49 19.6156 1575647478
112 19.5852 1575647478
129 22.9686 1575647478
132 23.9662 1575647478
142 25.1216 1575647478
15 15.0091 1575647508
21 18.3395 1575647508
37 17.7179 1575647508
49 19.4416 1575647508
112 19.824 1575647508
129 22.7328 1575647508
132 24.0075 1575647508
142 25.2664 1575647508
15 15.015 1575647538
21 18.1591 1575647538
37 17.5185 1575647538
49 19.4684 1575647538
112 19.9029 1575647538
129 22.4939 1575647538
132 24.1328 1575647538
142 25.0468 1575647538
15 14.9983 1575647568
21 18.1041 1575647568
37 17.3741 1575647568
49 19.5942 1575647568
112 19.6895 1575647568
129 22.3277 1575647568
132 23.9641 1575647568
142 24.8415 1575647568
15 14.9455 1575647598
21 18.278 1575647598
37 17.3998 1575647598
49 19.7737 1575647598
112 19.4586 1575647598
129 22.5592 1575647598
132 23.7239 1575647598
142 24.824 1575647598
15 14.7958 1575647628
21 18.0998 1575647628
37 17.1651 1575647628
49 19.598 1575647628
112 19.2274 1575647628
129 22.627 1575647628
132 23.9663 1575647628
142 24.7223 1575647628
15 14.9095 1575647658
21 18.1837 1575647658
37 17.0201 1575647658
49 19.4944 1575647658
112 19.0206 1575647658
129 22.6164 1575647658
132 23.8831 1575647658
142 24.7589 1575647658
15 14.8677 1575647688
21 18.2984 1575647688
37 17.1718 1575647688
49 19.744 1575647688
112 18.8045 1575647688
129 22.3811 1575647688
132 23.911 1575647688
142 24.6567 1575647688
15 14.9301 1575647718
21 18.1723 1575647718
37 17.0723 1575647718
49 19.9752 1575647718
112 18.7527 1575647718
129 22.4084 1575647718
132 23.711 1575647718
142 24.7725 1575647718
15 14.7255 1575647748
21 18.3548 1575647748
37 17.2086 1575647748
49 20.0572 1575647748
112 18.8783 1575647748
129 22.5187 1575647748
132 23.8794 1575647748
142 24.7197 1575647748
15 14.8528 1575647778
21 18.1225 1575647778
37 17.328 1575647778
49 20.162 1575647778
112 18.8294 1575647778
129 22.5246 1575647778
132 24.0615 1575647778
142 24.7944 1575647778
15 14.731 1575647808
21 18.1782 1575647808
37 17.3286 1575647808
49 19.9462 1575647808
112 18.7541 1575647808
129 22.4879 1575647808
132 24.0464 1575647808
142 24.624 1575647808
15 14.9552 1575647838
21 18.262 1575647838
37 17.3137 1575647838
49 20.092 1575647838
112 18.5457 1575647838
129 22.6102 1575647838
132 24.0139 1575647838
142 24.7469 1575647838
15 14.8026 1575647868
21 18.4281 1575647868
37 17.4865 1575647868
49 20.1093 1575647868
112 18.4446 1575647868
129 22.4448 1575647868
132 23.9465 1575647868
142 24.8061 1575647868
15 14.5792 1575647898
21 18.2732 1575647898
37 17.4701 1575647898
49 20.0966 1575647898
112 18.3344 1575647898
129 22.4392 1575647898
132 23.9002 1575647898
142 24.7252 1575647898
15 14.4206 1575647928
21 18.4718 1575647928
37 17.6067 1575647928
49 19.8603 1575647928
112 18.0965 1575647928
129 22.6741 1575647928
132 23.9211 1575647928
142 24.6455 1575647928
15 14.6503 1575647958
21 18.2271 1575647958
37 17.6483 1575647958
49 19.6615 1575647958
112 18.0253 1575647958
129 22.4702 1575647958
132 23.9744 1575647958
142 24.5453 1575647958
15 14.5713 1575647988
21 18.3157 1575647988
37 17.8312 1575647988
49 19.6618 1575647988
112 18.0035 1575647988
129 22.6588 1575647988
132 23.9077 1575647988
142 24.3672 1575647988
15 14.8086 1575648018
21 18.4406 1575648018
37 17.9423 1575648018
49 19.6419 1575648018
112 17.8602 1575648018
129 22.6642 1575648018
132 23.7675 1575648018
142 24.1502 1575648018
15 14.7559 1575648048
21 18.2422 1575648048
37 17.986 1575648048
49 19.5381 1575648048
112 18.0242 1575648048
129 22.5017 1575648048
132 23.8102 1575648048
142 24.1167 1575648048
15 14.9909 1575648078
21 18.192 1575648078
37 17.754 1575648078
49 19.5365 1575648078
112 18.1984 1575648078
129 22.2537 1575648078
132 23.8794 1575648078
142 23.928 1575648078
15 14.9272 1575648108
21 18.3607 1575648108
37 17.8276 1575648108
49 19.6649 1575648108
112 18.2744 1575648108
129 22.4384 1575648108
132 24.0253 1575648108
142 23.8915 1575648108
15 15.1675 1575648138
21 18.3335 1575648138
37 17.6281 1575648138
49 19.7771 1575648138
112 18.0307 1575648138
129 22.3134 1575648138
132 23.9145 1575648138
142 23.8145 1575648138
15 15.2096 1575648168
21 18.498 1575648168
37 17.3989 1575648168
49 19.8128 1575648168
112 18.2627 1575648168
129 22.4643 1575648168
132 23.7788 1575648168
142 23.9519 1575648168
15 15.0472 1575648198
21 18.6835 1575648198
37 17.2903 1575648198
49 19.993 1575648198
112 18.3366 1575648198
129 22.3918 1575648198
132 23.9775 1575648198
142 24.1176 1575648198
15 14.9908 1575648228
21 18.8337 1575648228
37 17.3436 1575648228
49 19.9518 1575648228
112 18.193 1575648228
129 22.6341 1575648228
132 23.7595 1575648228
142 24.0252 1575648228
15 14.9319 1575648258
21 18.6801 1575648258
37 17.4676 1575648258
49 19.9662 1575648258
112 18.0034 1575648258
129 22.6238 1575648258
132 23.5993 1575648258
142 23.819 1575648258
15 14.9668 1575648288
21 18.9004 1575648288
37 17.2997 1575648288
49 20.2012 1575648288
112 17.9529 1575648288
129 22.3789 1575648288
132 23.6194 1575648288
142 24.0617 1575648288
15 15.0113 1575648318
21 19.1252 1575648318
37 17.4626 1575648318
49 19.9945 1575648318
112 17.9468 1575648318
129 22.1545 1575648318
132 23.6738 1575648318
142 24.1728 1575648318
15 14.9563 1575648348
21 19.0498 1575648348
37 17.5083 1575648348
49 19.939 1575648348
112 17.8627 1575648348
129 22.2181 1575648348
132 23.7423 1575648348
142 23.9885 1575648348
15 14.7546 1575648378
21 18.9463 1575648378
37 17.5988 1575648378
49 20.1355 1575648378
112 17.7486 1575648378
129 22.3648 1575648378
132 23.9399 1575648378
142 23.7397 1575648378
15 14.7916 1575648408
21 18.6995 1575648408
37 17.5471 1575648408
49 20.2641 1575648408
112 17.5572 1575648408
129 22.5312 1575648408
132 23.7624 1575648408
142 23.8515 1575648408
15 14.6667 1575648438
21 18.7499 1575648438
37 17.5487 1575648438
49 20.3069 1575648438
112 17.5567 1575648438
129 22.2982 1575648438
132 23.7533 1575648438
142 24.0585 1575648438
15 14.8296 1575648468
21 18.6571 1575648468
37 17.6164 1575648468
49 20.1327 1575648468
112 17.4246 1575648468
129 22.0898 1575648468
132 23.6501 1575648468
142 23.9248 1575648468
15 15.0424 1575648498
21 18.5388 1575648498
37 17.7003 1575648498
49 19.9743 1575648498
112 17.6626 1575648498
129 21.8508 1575648498
132 23.847 1575648498
142 23.9776 1575648498
15 15.1156 1575648528
21 18.5322 1575648528
37 17.5737 1575648528
49 19.87 1575648528
112 17.8279 1575648528
129 21.8313 1575648528
132 23.7606 1575648528
142 23.812 1575648528
15 14.9633 1575648558
21 18.3136 1575648558
37 17.6137 1575648558
49 19.659 1575648558
112 17.603 1575648558
129 21.6943 1575648558
132 23.9871 1575648558
142 23.7305 1575648558
15 14.9706 1575648588
21 18.2275 1575648588
37 17.4338 1575648588
49 19.8865 1575648588
112 17.3839 1575648588
129 21.8975 1575648588
132 24.0759 1575648588
142 23.7499 1575648588
15 15.1459 1575648618
21 18.3752 1575648618
37 17.2608 1575648618
49 19.7545 1575648618
112 17.3036 1575648618
129 22.0634 1575648618
132 23.8898 1575648618
142 23.6598 1575648618
15 15.2617 1575648648
21 18.2151 1575648648
37 17.3214 1575648648
49 19.8075 1575648648
112 17.3767 1575648648
129 22.2396 1575648648
132 23.9504 1575648648
142 23.7718 1575648648
15 15.3635 1575648678
21 17.9936 1575648678
37 17.1407 1575648678
49 19.6441 1575648678
112 17.2119 1575648678
129 22.4483 1575648678
132 23.9693 1575648678
142 23.558 1575648678
15 15.3521 1575648708
21 17.7844 1575648708
37 17.3809 1575648708
49 19.8542 1575648708
112 17.4326 1575648708
129 22.6321 1575648708
132 24.0044 1575648708
142 23.5754 1575648708
15 15.527 1575648738
21 17.7059 1575648738
37 17.502 1575648738
49 19.8634 1575648738
112 17.5396 1575648738
129 22.3939 1575648738
132 23.9444 1575648738
142 23.4115 1575648738
15 15.7173 1575648768
21 17.6643 1575648768
37 17.4183 1575648768
49 19.6912 1575648768
112 17.3849 1575648768
129 22.2188 1575648768
132 23.8903 1575648768
142 23.383 1575648768
15 15.6225 1575648798
21 17.8537 1575648798
37 17.3031 1575648798
49 19.5592 1575648798
112 17.162 1575648798
129 22.0166 1575648798
132 24.0404 1575648798
142 23.4001 1575648798
15 15.4508 1575648828
21 17.8988 1575648828
37 17.0717 1575648828
49 19.5864 1575648828
112 17.3069 1575648828
129 22.2523 1575648828
132 23.9894 1575648828
142 23.2738 1575648828
15 15.5684 1575648858
21 18.0682 1575648858
37 17.1823 1575648858
49 19.7469 1575648858
112 17.3976 1575648858
129 22.011 1575648858
132 23.9775 1575648858
142 23.3192 1575648858
15 15.3717 1575648888
21 18.0766 1575648888
37 17.0727 1575648888
49 19.6081 1575648888
112 17.493 1575648888
129 21.9714 1575648888
132 24.1784 1575648888
142 23.4084 1575648888
15 15.1667 1575648918
21 18.2587 1575648918
37 17.1058 1575648918
49 19.3749 1575648918
112 17.3165 1575648918
129 21.8279 1575648918
132 24.1447 1575648918
142 23.1612 1575648918
15 15.1844 1575648948
21 18.4875 1575648948
37 17.1835 1575648948
49 19.2116 1575648948
112 17.2186 1575648948
129 21.5981 1575648948
132 24.1373 1575648948
142 23.2565 1575648948
15 15.1872 1575648978
21 18.2573 1575648978
37 17.0067 1575648978
49 19.4561 1575648978
112 17.402 1575648978
129 21.364 1575648978
132 24.3168 1575648978
142 23.4063 1575648978
15 15.1306 1575649008
21 18.5027 1575649008
37 17.1631 1575649008
49 19.4474 1575649008
112 17.4089 1575649008
129 21.2189 1575649008
132 24.2516 1575649008
142 23.3832 1575649008
15 15.2352 1575649038
21 18.6219 1575649038
37 17.1205 1575649038
49 19.5329 1575649038
112 17.3158 1575649038
129 21.4189 1575649038
132 24.476 1575649038
142 23.1415 1575649038
15 15.3077 1575649068
21 18.4455 1575649068
37 17.1348 1575649068
49 19.6518 1575649068
112 17.3999 1575649068
129 21.3512 1575649068
132 24.4962 1575649068
142 23.0357 1575649068
15 15.4195 1575649098
21 18.1956 1575649098
37 17.3699 1575649098
49 19.4942 1575649098
112 17.193 1575649098
129 21.3271 1575649098
132 24.2599 1575649098
142 22.9403 1575649098
